ISS (ZARYA)
1 25544U 98067A   24245.51782528  .00016349  00000+0  29648-3 0  9996
2 25544  51.6405  74.7554 0006050  83.3106  27.3908 15.50420720411190
STARLINK-30000
1 74000U 23000A   24245.12435252  .00031754  00000+0  20270-2 0  9995
2 74000  53.0542  58.3841 0001399  88.7500 271.3656 15.06385059081234
ONEWEB-0300
1 53000U 22000A   24245.23165119  .00002120  00000+0  16606-3 0  9996
2 53000  87.9201  53.0061 0001070  90.1296 270.0037 13.36594102102850
IRIDIUM 33
1 24946U 97051C   24244.88512172  .00000052  00000+0  37675-4 0  9991
2 24946  86.3956  12.0304 0002148  78.6061 281.5313 14.34216400205815
GLOBALSTAR M050
1 41481U 16010G   24245.35311747  .00000491  00000+0  24364-3 0  9998
2 41481  52.0240  93.7254 0006081  80.6571 279.5164 14.35724614455656
ORBCOMM FM110
1 42937U 17066A   24245.02578644  .00000120  00000+0  61129-4 0  9990
2 42937  97.3691 253.6857 0002202  83.0757 277.0893 14.70419710363117
